[33. 57. 53.]
[57. 53. 30.]
[53. 30. 31.]
[30. 31. 40.]
[31. 40. 48.]
[40. 48. 99.]
[ 48.  99. 107.]
[ 99. 107.  62.]
[107.  62.  92.]
[ 62.  92. 122.]
[ 92. 122.  53.]
[122.  53.  57.]
[ 53.  57. 132.]
[ 57. 132. 183.]
[132. 183.  68.]
[183.  68.  89.]
[68. 89. 93.]
[ 89.  93. 190.]
[ 93. 190. 206.]
[190. 206. 278.]
[206. 278. 232.]
[278. 232.  90.]
[232.  90.  47.]
[90. 47. 55.]
[ 47.  55. 139.]
[ 55. 139. 145.]
[139. 145.  53.]
[145.  53.  94.]
[53. 94. 79.]
[94. 79. 53.]
[79. 53. 87.]
[53. 87. 64.]
[87. 64. 88.]
[64. 88. 94.]
[88. 94. 53.]
[94. 53. 82.]
[53. 82. 96.]
[82. 96. 54.]
[ 96.  54. 166.]
[ 54. 166. 145.]
[166. 145.  94.]
[145.  94.  43.]
[94. 43. 58.]
[43. 58. 42.]
[58. 42. 59.]
[42. 59. 63.]
[ 59.  63. 135.]
[ 63. 135. 100.]
[135. 100. 150.]
[100. 150.  70.]
[150.  70.  80.]
[ 70.  80. 105.]
[ 80. 105. 189.]
[105. 189.  75.]
[189.  75.  62.]
[75. 62. 75.]
[ 62.  75. 230.]
[ 75. 230. 286.]
[230. 286. 137.]
[286. 137.  97.]
[137.  97. 102.]
[ 97. 102. 132.]
[102. 132. 183.]
[132. 183. 271.]
[183. 271. 414.]
[271. 414. 243.]
[414. 243. 228.]
[243. 228. 143.]
[228. 143. 108.]
[143. 108.  85.]
[108.  85. 155.]
[ 85. 155.  40.]
[155.  40.  56.]
[40. 56. 94.]
[ 56.  94. 130.]
[ 94. 130.  77.]
[130.  77.  67.]
[77. 67. 42.]
[67. 42. 35.]
[42. 35. 68.]
[35. 68. 74.]
[68. 74. 64.]
[74. 64. 65.]
[64. 65. 87.]
[ 65.  87. 122.]
[ 87. 122.  84.]
[122.  84.  73.]
[84. 73. 57.]
[73. 57. 53.]
[57. 53. 54.]
[53. 54. 76.]
[54. 76. 48.]
[76. 48. 49.]
[48. 49. 55.]
[ 49.  55. 103.]
[ 55. 103.  65.]
[103.  65.  55.]
[65. 55. 63.]
[55. 63. 59.]
[63. 59. 73.]
[59. 73. 64.]
[73. 64. 62.]
[64. 62. 42.]
[62. 42. 40.]
[42. 40. 37.]
[40. 37. 52.]
[37. 52. 69.]
[52. 69. 63.]
[69. 63. 60.]
[63. 60. 66.]
[60. 66. 52.]
[66. 52. 71.]
[ 52.  71. 459.]
[ 71. 459. 133.]
[459. 133.  43.]
[133.  43.  44.]
[ 43.  44. 104.]
[ 44. 104. 136.]
[104. 136.  86.]
[136.  86. 166.]
[ 86. 166. 129.]
[166. 129.  45.]
[129.  45.  50.]
[45. 50. 60.]
[50. 60. 79.]
[60. 79. 75.]
[79. 75. 69.]
[75. 69. 51.]
[69. 51. 53.]
[51. 53. 69.]
[53. 69. 94.]
[69. 94. 37.]
[94. 37. 46.]
[37. 46. 54.]
[46. 54. 59.]
[54. 59. 57.]
[59. 57. 94.]
[ 57.  94. 111.]
[ 94. 111.  99.]
[111.  99.  66.]
[99. 66. 56.]
[ 66.  56. 109.]
[ 56. 109. 187.]
[109. 187.  72.]
[187.  72.  58.]
[72. 58. 34.]
[58. 34. 45.]
[34. 45. 30.]
[45. 30. 35.]
[30. 35. 47.]
[ 35.  47. 134.]
[ 47. 134. 133.]
[134. 133.  32.]
[133.  32.  39.]
[32. 39. 37.]
[39. 37. 47.]
[37. 47. 45.]
[47. 45. 38.]
[45. 38. 47.]
[38. 47. 62.]
[47. 62. 45.]
[62. 45. 46.]
[45. 46. 58.]
[46. 58. 55.]
[58. 55. 55.]
[55. 55. 53.]
[55. 53. 55.]
[53. 55. 44.]
[55. 44. 65.]
[44. 65. 83.]
[65. 83. 58.]
[83. 58. 35.]
[58. 35. 25.]
[35. 25. 39.]
[25. 39. 53.]
[39. 53. 42.]
[53. 42. 66.]
[42. 66. 33.]
[66. 33. 47.]
[33. 47. 48.]
[47. 48. 55.]
[48. 55. 81.]
[ 55.  81. 136.]
[ 81. 136. 105.]
[136. 105.  82.]
[105.  82.  27.]
[82. 27. 20.]
[27. 20. 22.]
[20. 22. 37.]
[22. 37. 45.]
[37. 45. 42.]
[45. 42. 62.]
[42. 62. 75.]
[62. 75. 77.]
[75. 77. 67.]
[77. 67. 65.]
[67. 65. 79.]
[65. 79. 63.]
[79. 63. 70.]
[63. 70. 71.]
[70. 71. 55.]
[71. 55. 40.]
[55. 40. 46.]
[40. 46. 66.]
[46. 66. 51.]
[66. 51. 46.]
[51. 46. 62.]
[46. 62. 62.]
[62. 62. 25.]
[62. 25. 40.]
[25. 40. 41.]
[40. 41. 49.]
[41. 49. 25.]
[49. 25. 49.]
[25. 49. 55.]
[49. 55. 74.]
[55. 74. 52.]
[74. 52. 44.]
[52. 44. 59.]
[44. 59. 41.]
[59. 41. 51.]
[41. 51. 55.]
[51. 55. 42.]
[55. 42. 64.]
[42. 64. 47.]
[64. 47. 31.]
[47. 31. 23.]
[31. 23. 25.]
[23. 25. 34.]
[25. 34. 27.]
[34. 27. 26.]
[27. 26. 29.]
[26. 29. 37.]
[29. 37. 23.]
[37. 23. 20.]
[23. 20. 18.]
[20. 18. 20.]
[18. 20. 30.]
[20. 30. 35.]
[30. 35. 37.]
[35. 37. 28.]
[37. 28. 29.]
[28. 29. 35.]
[29. 35. 44.]
[35. 44. 41.]
[44. 41. 42.]
[41. 42. 34.]
[42. 34. 34.]
[34. 34. 28.]
[34. 28. 32.]
[28. 32. 61.]
[32. 61. 34.]
[61. 34. 52.]
[ 34.  52. 103.]
[ 52. 103.  52.]
[103.  52.  46.]
[52. 46. 39.]
[46. 39. 39.]
[39. 39. 29.]
[39. 29. 27.]
[29. 27. 42.]
[27. 42. 48.]
[42. 48. 27.]
[48. 27. 33.]
[27. 33. 43.]
[33. 43. 26.]
[43. 26. 35.]
[26. 35. 26.]
[35. 26. 34.]
[26. 34. 48.]
[34. 48. 34.]
[48. 34. 52.]
[34. 52. 46.]
[52. 46. 39.]
[46. 39. 56.]
[39. 56. 66.]
[56. 66. 59.]
[66. 59. 95.]
[59. 95. 34.]
[95. 34. 90.]
[ 34.  90. 123.]
[ 90. 123. 100.]
[123. 100.  26.]
[100.  26.  24.]
[26. 24. 38.]
[24. 38. 39.]
[38. 39. 51.]
[39. 51. 23.]
[51. 23. 52.]
[23. 52. 36.]
[52. 36. 30.]
[36. 30. 35.]
[30. 35. 34.]
[35. 34. 42.]
[34. 42. 59.]
[42. 59. 72.]
[59. 72. 74.]
[72. 74. 87.]
[74. 87. 97.]
[87. 97. 85.]
[97. 85. 41.]
[85. 41. 82.]
[41. 82. 85.]
[82. 85. 95.]
[85. 95. 36.]
[95. 36. 34.]
[36. 34. 52.]
[34. 52. 62.]
[52. 62. 30.]
[62. 30. 47.]
[30. 47. 40.]
[47. 40. 34.]
[40. 34. 32.]
[34. 32. 38.]
[32. 38. 54.]
[38. 54. 39.]
[54. 39. 43.]
[39. 43. 30.]
[43. 30. 38.]
[30. 38. 61.]
[ 38.  61. 108.]
[ 61. 108.  44.]
[108.  44.  39.]
[44. 39. 24.]
[39. 24. 30.]
[24. 30. 38.]
[30. 38. 32.]
[38. 32. 52.]
[32. 52. 47.]
[52. 47. 32.]
[47. 32. 83.]
[32. 83. 83.]
[83. 83. 54.]
[83. 54. 33.]
[54. 33. 24.]
[33. 24. 34.]
[24. 34. 45.]
[34. 45. 29.]
[45. 29. 47.]
[29. 47. 51.]
[47. 51. 63.]
[51. 63. 59.]
[63. 59. 38.]
[59. 38. 27.]
[38. 27. 38.]
[27. 38. 46.]
[38. 46. 60.]
[46. 60. 57.]
[60. 57. 85.]
[ 57.  85. 124.]
[ 85. 124. 193.]
[124. 193.  68.]
[193.  68.  93.]
[68. 93. 75.]
[93. 75. 97.]
[75. 97. 64.]
[97. 64. 84.]
[64. 84. 63.]
[ 84.  63. 135.]
[ 63. 135. 180.]
[135. 180. 112.]
[180. 112. 209.]
[112. 209. 199.]
[209. 199. 241.]
[199. 241. 234.]
[241. 234.  94.]
[234.  94. 224.]
[ 94. 224. 236.]
[224. 236. 298.]
[236. 298. 112.]
[298. 112.  59.]
[112.  59. 100.]
[ 59. 100. 122.]
[100. 122. 180.]
[122. 180. 213.]
[180. 213. 327.]
[213. 327. 199.]
[327. 199. 176.]
[199. 176. 178.]
[176. 178.  88.]
[178.  88. 189.]
[ 88. 189. 198.]
[189. 198. 307.]
[198. 307. 262.]
[307. 262. 211.]
[262. 211. 320.]
[211. 320. 253.]
[320. 253. 262.]
[253. 262. 234.]
[262. 234. 271.]
[234. 271. 257.]
[271. 257. 320.]
[257. 320.  77.]
[320.  77. 135.]
[ 77. 135. 132.]
[135. 132.  77.]
[132.  77. 165.]
[ 77. 165. 226.]
[165. 226. 163.]
[226. 163. 201.]
[163. 201.  58.]
[201.  58.  94.]
[ 58.  94. 225.]
[ 94. 225. 216.]
[225. 216.  40.]
[216.  40.  65.]
[40. 65. 69.]
[65. 69. 77.]
[69. 77. 82.]
[ 77.  82. 120.]
[ 82. 120. 127.]
[120. 127.  93.]
[127.  93. 139.]
[ 93. 139.  85.]
[139.  85. 107.]
[ 85. 107.  84.]
[107.  84.  39.]
[84. 39. 83.]
[39. 83. 39.]
[83. 39. 38.]
[39. 38. 52.]
[38. 52. 78.]
[52. 78. 94.]
[78. 94. 78.]
[94. 78. 43.]
[78. 43. 60.]
[43. 60. 64.]
[60. 64. 79.]
[64. 79. 79.]
[79. 79. 97.]
[79. 97. 57.]
[97. 57. 98.]
[ 57.  98. 120.]
[ 98. 120. 133.]
[120. 133. 165.]
[133. 165.  62.]
[165.  62.  62.]
[62. 62. 68.]
[ 62.  68. 103.]
[ 68. 103.  94.]
[103.  94.  46.]
[94. 46. 47.]
[46. 47. 48.]
[47. 48. 41.]
[48. 41. 41.]
[41. 41. 41.]
[41. 41. 40.]
[41. 40. 45.]
[40. 45. 67.]
[45. 67. 49.]
[67. 49. 57.]
[49. 57. 43.]
[57. 43. 40.]
[43. 40. 45.]
[40. 45. 44.]
[45. 44. 49.]
[44. 49. 66.]
[49. 66. 47.]
[66. 47. 42.]
[47. 42. 44.]
[42. 44. 70.]
[ 44.  70. 122.]
